a = [29 1  4 23  5  0  1 31 39 34 26 17 37 22 22 13 20 35 28 30  5 15 13 26 33 14 10  4  8 30 38 15 19 14 39 31 38 28 37 37 19 28 37 25  6 24 33 18 9  3 25 19 13 35 31 31 18 35 36 32 36  1 24 36 22  3 35 17  3  1 15 10 28 11 12 22 18 37  8 20 36 16 21  9 23 32 21 16 12 21  1  6 20 11  1 4 8 16  5 27 12 38 38 22  8 35 21  5  8 24  7  7 17 25 24 16  6  7  9  3 14  0 19 33 19 32 24 31 21  9 21 14  6 10  3 11 29 13 38 18  6  7 35 13 30  1 34 22 18  8 19 39 29  2 25 16 29 22 26 26  3 15  4 39 38 21 23 12 24 23  8  9  9 36 30 26  0  3 15 20 34 29 39 25 36 37  2  4  6 34 27 34 27  9 11 23 27 23  5 31 15  2 32  5  9 11 24  0 33 27 27 10  0 23 11 14 22  0 14 32 34 27 29 17 25 39 24 21 13 38  5  0  4 26 21  8 17 21 10 25 28 33 34  2 31  8 34 15 29 11  2  5 20 34 17 33 25  0 32 17 24 13  2 29 11 36 15 26 20  7 37  3  0  4 12 18 16 10  5 26 36 17 27 38 30 35  1 27 23 12 33 34  2 30 36 28 29 17 28 38 20 32 15 36  7 31 17 23  4 33  9 35 19 10 18 39 39  2 24 23 18 20 12 22 32 19  6 30 28 22  8 11 36  5 26  6 10 10 16 28 27 27 13 30 13 35 37 33 12 26 13  7  1 23 37 39 21  7  2 34 30 16 25 14 17  0 39 10 14 39 20  6  2  1 12  5 23  3 30 13 29 12 19 18 25 21 31 28  9 21 19 18 11 25 30 16  4 26  8 37];
a'